0 31 chinamap ID
8 16         1212.19129
8 15         935.386365
8 2         786.997838
8 1         772.752573
8 3         815.788983
8 6         518.996857
8 7         299.607045
8 5         713.264255
8 4         1055.55524
8 9         1206.52754
8 12          1238.2634
8 10         1116.09769
5 8         713.264255
5 16         705.220294
5 30         621.015424
5 27         669.901977
5 4         457.696067
5 28         802.184517
5 18         1145.13752
5 22         1023.98336
5 17         910.228108
5 23         1113.27828
5 7         611.875233
5 6          481.57271
5 3         333.674467
5 1         298.385894
5 2          373.97807
5 15         580.026534
5 10          823.26729
5 12         865.940874
5 9         985.974812
5 11         1084.53486
5 14         1142.59339
31 28         868.903164
31 30         1151.39597
31 29         692.399255
31 26         689.115536
31 23         1216.54974
7 8         299.607045
7 16         955.030742
7 15         661.524959
7 2         548.103854
7 1         556.966706
7 3         592.548435
7 6         244.842573
7 5         611.875233
7 30         1137.98118
7 27         1090.73811
7 4          840.12113
7 11         1057.60227
7 9         907.560428
7 12         952.152756
7 10          823.49737
7 17         1160.35867
6 8         518.996857
6 7         244.842573
6 16         710.190721
6 15          419.28539
6 2         310.344543
6 1         333.583846
6 3         362.210164
6 5          481.57271
6 30         920.851993
6 27         855.194942
6 4         607.314848
6 28          1176.1863
6 13         1084.30394
6 14          1023.1622
6 11         850.691012
6 9         708.881108
6 12         719.340251
6 10         601.026029
6 18         1129.78931
6 22         1131.65199
6 17         916.208508
28 5         802.184517
28 6          1176.1863
28 29         308.007829
28 31         868.903164
28 26         832.769268
28 3          826.72453
28 1         845.727596
28 4         620.869969
28 2         890.491281
28 27         476.547872
28 30         289.102957
28 15          952.52537
28 16         759.785782
28 10         1092.72898
28 12         1010.92028
28 23         508.208902
28 17         799.908527
28 22         667.498298
28 18         942.326555
28 14         1109.51291
28 25         888.259618
28 24         835.458423
28 20         1072.13265
3 8         815.788983
3 7         592.548435
3 6         362.210164
3 16         415.187715
3 5         333.674467
3 30          561.09735
3 27         498.526053
3 4         247.573645
3 28          826.72453
3 14         824.784393
3 19         1129.98268
3 20         1167.22835
3 24           1027.981
3 18         862.791728
3 22         804.482761
3 17         630.562307
3 23         975.634124
3 1         46.7511175
3 2         66.5077871
3 15         247.650995
3 10         490.071575
3 12         536.980501
3 9         655.238232
3 11         750.879811
3 13         936.257225
1 8         772.752573
1 7         556.966706
1 6         333.583846
1 16         461.929363
1 3         46.7511175
1 5         298.385894
1 30         587.329552
1 27         536.997326
1 4         285.525484
1 28         845.727596
1 14         869.515248
1 19         1176.01618
1 20         1213.83334
1 24         1073.23111
1 18         909.539536
1 22         848.852427
1 17         677.280904
1 23         1013.90497
1 2          77.615645
1 15          282.12071
1 10         525.607662
1 12          579.34662
1 9         687.615402
1 11         788.454848
1 13         978.419845
4 8         1055.55524
4 5         457.696067
4 7          840.12113
4 6         607.314848
4 3         247.573645
4 1         285.525484
4 30         336.816548
4 27         251.479808
4 28         620.869969
4 29         910.350763
4 20         972.051879
4 24         807.742785
4 25         1077.56875
4 18         689.590059
4 22         577.777434
4 17         455.989195
4 23         728.498893
4 2         297.754464
4 15         333.819456
4 16          265.73834
4 10         513.167181
4 12           485.9896
4 9         685.280655
4 11         732.457211
4 14         716.513196
4 13         860.689767
4 19         985.041172
2 8         786.997838
2 7         548.103854
2 6         310.344543
2 16         427.954806
2 1          77.615645
2 3         66.5077871
2 5          373.97807
2 30         621.181458
2 27         544.871422
2 4         297.754464
2 28         890.491281
2 14         813.558166
2 12         517.262707
2 19         1126.24956
2 20         1180.55627
2 24         1052.82873
2 18         870.720969
2 22         833.996505
2 17         642.728621
2 23         1020.65522
2 15         210.470909
2 10         453.286545
2 9         612.514086
2 11         717.670054
2 13         914.712413
27 5         669.901977
27 7         1090.73811
27 6         855.194942
27 3         498.526053
27 1         536.997326
27 4         251.479808
27 2         544.871422
27 30          208.11492
27 28         476.547872
27 29         724.476194
27 20         785.272547
27 24         590.943264
27 25          832.05538
27 22         359.635991
27 23         477.121478
27 26         1204.35752
27 15         525.156448
27 16         284.762633
27 10           623.7181
27 12         534.433114
27 17         351.642237
27 9         777.313996
27 11         773.951241
27 18         550.295206
27 14         661.114593
27 13         829.275772
27 21         1106.92278
27 19          862.78366
30 5         621.015424
30 7         1137.98118
30 6         920.851993
30 3          561.09735
30 1         587.329552
30 4         336.816548
30 2         621.181458
30 27          208.11492
30 28         289.102957
30 29         573.673846
30 31         1151.39597
30 25          893.11519
30 23         500.594392
30 26         1084.54774
30 15         665.011852
30 16         479.447405
30 10         805.972521
30 12         732.602047
30 17         557.480105
30 22         507.975135
30 9         967.980056
30 11         976.496557
30 18         741.505973
30 14         868.311808
30 24         723.670183
30 13         1037.22672
30 20         941.582308
30 19         1053.80114
29 28         308.007829
29 4         910.350763
29 27         724.476194
29 30         573.673846
29 31         692.399255
29 26         524.981638
29 23         525.265566
29 17         993.336415
29 22         792.095998
29 18         1079.14586
29 25         812.574921
29 24         889.326902
29 20         1122.81295
15 8         935.386365
15 7         661.524959
15 6          419.28539
15 16         306.575248
15 2         210.470909
15 1          282.12071
15 3         247.650995
15 5         580.026534
15 30         665.011852
15 27         525.156448
15 4         333.819456
15 28          952.52537
15 13         708.203338
15 14         618.827723
15 12         315.733812
15 19         939.979233
15 20         1027.66835
15 24         932.430953
15 18         710.504247
15 22         734.057276
15 17         500.657974
15 23         971.314495
15 10         243.497584
15 9         407.738407
15 11         507.238192
26 28         832.769268
26 27         1204.35752
26 30         1084.54774
26 29         524.981638
26 31         689.115536
26 23         846.245684
26 22         1156.46174
26 25         911.971683
26 24         1156.63335
16 8         1212.19129
16 5         705.220294
16 7         955.030742
16 6         710.190721
16 3         415.187715
16 1         461.929363
16 2         427.954806
16 15         306.575248
16 30         479.447405
16 27         284.762633
16 4          265.73834
16 28         759.785782
16 19         727.651368
16 21         1042.45055
16 20         753.163747
16 24         632.011563
16 25         953.185699
16 18         448.047796
16 22         427.568927
16 17         215.557919
16 23         675.486244
16 10         341.817637
16 12         253.233772
16 9         492.579251
16 11         499.220673
16 14         450.793137
16 13         598.440859
10 8         1116.09769
10 7          823.49737
10 6         601.026029
10 30         805.972521
10 27           623.7181
10 4         513.167181
10 28         1092.72898
10 16         341.817637
10 15         243.497584
10 2         453.286545
10 1         525.607662
10 3         490.071575
10 5          823.26729
10 13         484.329496
10 14         431.912712
10 12         151.771166
10 19           758.9858
10 21         1125.21593
10 20         903.819105
10 24         863.914555
10 25          1215.4856
10 18         591.735996
10 22         710.078503
10 17         442.472723
10 23         994.915032
10 9         173.373865
10 11         265.500584
12 8          1238.2634
12 7         952.152756
12 6         719.340251
12 2         517.262707
12 15         315.733812
12 10         151.771166
12 30         732.602047
12 27         534.433114
12 4           485.9896
12 28         1010.92028
12 16         253.233772
12 1          579.34662
12 3         536.980501
12 5         865.940874
12 14         304.755762
12 19         629.977882
12 21         988.979387
12 20         755.169895
12 24         712.776412
12 25         1065.65242
12 18         441.007357
12 22         567.243369
12 17         298.172903
12 23          861.10877
12 9         250.815481
12 11         248.640789
12 13         399.281279
23 5         1113.27828
23 3         975.634124
23 1         1013.90497
23 4         728.498893
23 2         1020.65522
23 27         477.121478
23 30         500.594392
23 15         971.314495
23 16         675.486244
23 10         994.915032
23 12          861.10877
23 29         525.265566
23 31         1216.54974
23 28         508.208902
23 25         396.763398
23 26         846.245684
23 17         567.664734
23 22         310.349769
23 9         1107.38295
23 11         1042.00757
23 18         581.341914
23 14          811.71483
23 24         364.087009
23 13         978.448243
23 20         598.988378
23 21         903.277702
23 19         828.034595
17 5         910.228108
17 7         1160.35867
17 6         916.208508
17 3         630.562307
17 1         677.280904
17 4         455.989195
17 2         642.728621
17 15         500.657974
17 16         215.557919
17 10         442.472723
17 12         298.172903
17 29         993.336415
17 30         557.480105
17 27         351.642237
17 28         799.908527
17 21         829.216502
17 20         537.852898
17 24         434.779745
17 25         776.925406
17 18         235.204718
17 22         269.070888
17 23         567.664734
17 9          540.13408
17 11         481.202645
17 14         311.796519
17 13         483.723741
17 19         531.518493
22 5         1023.98336
22 6         1131.65199
22 3         804.482761
22 1         848.852427
22 4         577.777434
22 2         833.996505
22 27         359.635991
22 15         734.057276
22 16         427.568927
22 10         710.078503
22 12         567.243369
22 17         269.070888
22 29         792.095998
22 30         507.975135
22 28         667.498298
22 24         232.194535
22 25         525.636708
22 23         310.349769
22 26         1156.46174
22 9         806.824457
22 11         733.133426
22 18         287.224893
22 14         503.865843
22 13         673.728277
22 20         433.942676
22 21          759.75476
22 19         575.955575
9 8         1206.52754
9 7         907.560428
9 6         708.881108
9 30         967.980056
9 27         777.313996
9 4         685.280655
9 16         492.579251
9 15         407.738407
9 2         612.514086
9 1         687.615402
9 3         655.238232
9 5         985.974812
9 13         403.253441
9 14         417.518832
9 11         155.336301
9 12         250.815481
9 10         173.373865
9 19         724.509672
9 21         1096.90241
9 20         920.376914
9 24           925.2802
9 18         630.664662
9 22         806.824457
9 17          540.13408
9 23         1107.38295
11 7         1057.60227
11 6         850.691012
11 9         155.336301
11 30         976.496557
11 27         773.951241
11 4         732.457211
11 16         499.220673
11 15         507.238192
11 2         717.670054
11 1         788.454848
11 3         750.879811
11 5         1084.53486
11 13         247.918062
11 14         283.828666
11 12         248.640789
11 10         265.500584
11 19         574.011154
11 21         945.872699
11 20         787.181575
11 24         819.245663
11 25         1176.30086
11 18         517.853748
11 22         733.133426
11 17         481.202645
11 23         1042.00757
18 5         1145.13752
18 6         1129.78931
18 3         862.791728
18 1         909.539536
18 4         689.590059
18 2         870.720969
18 15         710.504247
18 16         448.047796
18 10         591.735996
18 12         441.007357
18 17         235.204718
18 9         630.664662
18 11         517.853748
18 29         1079.14586
18 30         741.505973
18 27         550.295206
18 28         942.326555
18 21         594.507846
18 20          318.06824
18 24         302.024918
18 25         658.450476
18 22         287.224893
18 23         581.341914
18 14         245.639825
18 13         400.232149
18 19         312.838611
14 6          1023.1622
14 3         824.784393
14 1         869.515248
14 2         813.558166
14 15         618.827723
14 10         431.912712
14 12         304.755762
14 9         417.518832
14 11         283.828666
14 30         868.311808
14 27         661.114593
14 4         716.513196
14 28         1109.51291
14 16         450.793137
14 5         1142.59339
14 19          327.43202
14 21         694.065263
14 20         504.484701
14 24         546.243583
14 25          899.70162
14 18         245.639825
14 22         503.865843
14 17         311.796519
14 23          811.71483
14 13         174.481693
25 4         1077.56875
25 27          832.05538
25 30          893.11519
25 16         953.185699
25 10          1215.4856
25 12         1065.65242
25 23         396.763398
25 17         776.925406
25 22         525.636708
25 11         1176.30086
25 18         658.450476
25 14          899.70162
25 29         812.574921
25 28         888.259618
25 26         911.971683
25 24         358.048395
25 13         1029.97745
25 20         465.886222
25 21         662.175135
25 19         760.440613
24 3           1027.981
24 1         1073.23111
24 4         807.742785
24 2         1052.82873
24 27         590.943264
24 15         932.430953
24 16         632.011563
24 10         863.914555
24 12         712.776412
24 17         434.779745
24 22         232.194535
24 9           925.2802
24 11         819.245663
24 18         302.024918
24 14         546.243583
24 29         889.326902
24 30         723.670183
24 28         835.458423
24 25         358.048395
24 23         364.087009
24 26         1156.63335
24 13         688.240706
24 20         238.271027
24 21         557.230348
24 19         474.434817
13 6         1084.30394
13 15         708.203338
13 10         484.329496
13 9         403.253441
13 11         247.918062
13 30         1037.22672
13 27         829.275772
13 4         860.689767
13 16         598.440859
13 2         914.712413
13 1         978.419845
13 3         936.257225
13 14         174.481693
13 12         399.281279
13 19         342.292901
13 21         708.249707
13 20         596.055861
13 24         688.240706
13 25         1029.97745
13 18         400.232149
13 22         673.728277
13 17         483.723741
13 23         978.448243
20 3         1167.22835
20 1         1213.83334
20 4         972.051879
20 2         1180.55627
20 27         785.272547
20 15         1027.66835
20 16         753.163747
20 10         903.819105
20 12         755.169895
20 17         537.852898
20 9         920.376914
20 11         787.181575
20 18          318.06824
20 14         504.484701
20 13         596.055861
20 29         1122.81295
20 30         941.582308
20 28         1072.13265
20 24         238.271027
20 25         465.886222
20 22         433.942676
20 23         598.988378
20 21         326.226976
20 19         295.477483
21 16         1042.45055
21 10         1125.21593
21 12         988.979387
21 17         829.216502
21 9         1096.90241
21 11         945.872699
21 18         594.507846
21 14         694.065263
21 13         708.249707
21 27         1106.92278
21 20         326.226976
21 24         557.230348
21 25         662.175135
21 22          759.75476
21 23         903.277702
21 19         372.403156
19 3         1129.98268
19 1         1176.01618
19 2         1126.24956
19 15         939.979233
19 16         727.651368
19 10           758.9858
19 12         629.977882
19 9         724.509672
19 11         574.011154
19 14          327.43202
19 13         342.292901
19 30         1053.80114
19 27          862.78366
19 4         985.041172
19 21         372.403156
19 20         295.477483
19 24         474.434817
19 25         760.440613
19 18         312.838611
19 22         575.955575
19 17         531.518493
19 23         828.034595
